アイアンヘッド, 15, 13, 5,
チェインヘッド, 60, 48, 21,
ギガヘッド, 60, 48, 21,
いやしウサギ, 60, 48, 21,
エーテルデビル, 60, 48, 21,
おばけ大根, 60, 48, 21,
めまわし大根, 60, 48, 21,
がいこつまどう, 15, 13, 5,
がいこつまじん, 60, 48, 21,
がいこつまおう, 60, 48, 21,
火炎入道, 60, 48, 21,
火炎入道2, 60, 48, 21,
火炎入道3, 60, 48, 21,
ガマラ, 60, 48, 21,
ガマグッチ, 15, 13, 5,
ガマゴン, 60, 48, 21,
カラクロイド, 60, 48, 21,
キグニ族, 60, 48, 21,
キグニ族2, 15, 13, 5,
キグニ族3, 60, 48, 21,
鬼面武者, 60, 48, 21,
はんにゃ武者, 60, 48, 21,
将軍, 15, 13, 5,
ぼうれい武者, 60, 48, 21,
ギャザー, 60, 48, 21,
キラーギャザー, 60, 48, 21,
ヘルギャザー, 15, 13, 5,
吸引幼虫, 60, 48, 21,
吸引虫, 60, 48, 21,
吸引成虫, 60, 48, 21,
きり仙人, 60, 48, 21,
みの仙人, 15, 13, 5,
かすみ仙人, 60, 48, 21,
くねくねハニー, 60, 48, 21,
ゲイズ, 15, 13, 5,
スーパーゲイズ, 60, 48, 21,
ハイパーゲイズ, 60, 48, 21,
小僧天狗, 60, 48, 21,
カラス天狗, 60, 48, 21,
天狗師匠, 15, 13, 5,
死の使い, 60, 48, 21,
地獄の使者, 60, 48, 21,
死神, 60, 48, 21,
シューベル 60, 48, 21,
メンベルス", 60, 48, 21,"